50 1.707048 
55 2.116481 
60 1.273204 
65 0.763059 
70 1.514959 
75 0.944214 
80 1.340492 
85 1.227551 
90 0.698464 
95 0.701581 
100 0.686652 
105 0.835863 
110 0.681902 
115 0.692559 
120 0.410259 
125 0.641519 
130 0.469197 
135 0.476674 
140 0.513222 
145 0.385140 
150 0.440891 
155 0.291307 
160 0.584136 
165 0.514060 
170 0.459232 
175 0.427990 
180 0.455537 
185 0.474071 
190 0.442364 
195 0.404921 
200 0.420281 
205 0.400053 
210 0.312900 
215 0.507671 
220 0.298631 
225 0.344674 
230 0.253844 
235 0.324454 
240 0.422091 
245 0.402714 
250 0.601252 
255 0.534214 
260 0.382739 
265 0.325540 
270 0.410940 
275 0.434050 
280 0.591243 
285 0.438109 
290 0.373367 
295 0.387415 
300 0.339350 
305 0.344678 
310 0.312345 
315 0.321456 
320 0.386449 
325 0.423756 
330 0.382923 
335 0.320063 
340 0.324902 
345 0.441689 
350 0.268669 
355 0.388425 
360 0.319660 
365 0.254628 
370 0.223038 
375 0.376493 
380 0.401750 
385 0.299831 
390 0.279714 
395 0.240190 
400 0.384207 
405 0.411253 
410 0.312617 
415 0.303570 
420 0.462534 
425 0.364639 
430 0.430291 
435 0.315410 
440 0.293736 
445 0.231192 
450 0.295354 
455 0.336634 
460 0.395954 
465 0.307593 
470 0.290908 
475 0.314563 
480 0.334224 
485 0.270131 
490 0.193158 
495 0.182377 
500 0.207108 
505 0.207012 
510 0.180162 
515 0.260801 
520 0.169516 
525 0.176504 
530 0.197193 
535 0.125634 
540 0.115570 
545 0.145204 
550 0.126980 
555 0.188500 
560 0.167201 
565 0.160554 
570 0.175093 
575 0.178049 
580 0.162508 
585 0.170780 
590 0.185843 
595 0.155904 
600 0.120360 
605 0.135988 
610 0.148442 
615 0.103184 
620 0.147805 
625 0.147844 
630 0.152664 
635 0.109061 
640 0.138799 
645 0.127596 
650 0.125959 
655 0.138245 
660 0.181076 
665 0.135306 
670 0.155121 
675 0.120098 
680 0.119198 
685 0.200957 
690 0.140212 
695 0.165643 
700 0.154183 
705 0.156983 
710 0.144102 
715 0.177452 
720 0.159373 
725 0.167849 
730 0.173554 
735 0.159343 
740 0.145718 
745 0.131059 
750 0.160860 
755 0.144468 
760 0.180867 
765 0.156978 
770 0.162840 
775 0.174138 
780 0.128693 
785 0.139478 
790 0.133866 
795 0.121444 
800 0.128245 
805 0.084373 
810 0.185802 
815 0.130858 
820 0.145142 
825 0.111280 
830 0.143527 
835 0.106381 
840 0.117972 
845 0.140821 
850 0.145781 
855 0.142127 
860 0.144634 
865 0.111603 
870 0.098832 
875 0.108168 
880 0.113023 
885 0.100066 
890 0.092299 
895 0.129772 
900 0.114733 
905 0.129140 
910 0.123870 
915 0.109377 
920 0.131715 
925 0.094154 
930 0.083971 
935 0.131321 
940 0.089871 
945 0.100534 
950 0.109028 
955 0.098548 
960 0.136826 
965 0.124543 
970 0.126993 
975 0.103802 
980 0.099297 
985 0.134053 
990 0.121319 
995 0.124806 
1000 0.127251 
1005 0.136449 
1010 0.131647 
1015 0.098154 
1020 0.087810 
1025 0.119453 
1030 0.100797 
1035 0.118817 
1040 0.111757 
1045 0.162963 
1050 0.097869 
1055 0.104520 
1060 0.131827 
1065 0.140379 
1070 0.102753 
1075 0.126681 
1080 0.115271 
1085 0.139172 
1090 0.151041 
1095 0.132898 
1100 0.087331 
1105 0.098953 
1110 0.102791 
1115 0.111109 
1120 0.088225 
1125 0.114562 
1130 0.083144 
1135 0.075123 
1140 0.085698 
1145 0.110133 
1150 0.109767 
1155 0.082997 
1160 0.071692 
1165 0.079148 
1170 0.077801 
1175 0.119639 
1180 0.093648 
1185 0.096696 
1190 0.080450 
1195 0.087260 
1200 0.078310 
1205 0.102618 
1210 0.108566 
1215 0.095099 
1220 0.086310 
1225 0.088706 
1230 0.087424 
1235 0.094213 
1240 0.069125 
1245 0.089409 
1250 0.082258 
1255 0.079893 
1260 0.115089 
1265 0.088520 
1270 0.071592 
1275 0.083438 
1280 0.083847 
1285 0.087294 
1290 0.089115 
1295 0.089245 
1300 0.110312 
1305 0.087523 
1310 0.080389 
1315 0.075992 
1320 0.090664 
1325 0.066984 
1330 0.065481 
1335 0.072365 
1340 0.097158 
1345 0.082908 
1350 0.111720 
1355 0.101092 
1360 0.062385 
1365 0.077140 
1370 0.069562 
1375 0.086677 
1380 0.101012 
1385 0.102461 
1390 0.074142 
1395 0.088993 
1400 0.101530 
1405 0.081760 
1410 0.079146 
1415 0.084889 
1420 0.090307 
1425 0.071160 
1430 0.090472 
1435 0.103322 
1440 0.095115 
1445 0.068691 
1450 0.073339 
1455 0.076693 
1460 0.054519 
1465 0.090365 
1470 0.098420 
1475 0.090129 
1480 0.068114 
1485 0.063359 
1490 0.094072 
1495 0.095838 
1500 0.096341 
1505 0.086474 
1510 0.073585 
1515 0.090245 
1520 0.091410 
1525 0.097606 
1530 0.081058 
1535 0.073799 
1540 0.068976 
1545 0.082418 
1550 0.095829 
1555 0.066010 
1560 0.088737 
1565 0.089787 
1570 0.071476 
1575 0.056729 
1580 0.068535 
1585 0.081920 
1590 0.082341 
1595 0.083176 
1600 0.070065 
1605 0.084254 
1610 0.087404 
1615 0.064630 
1620 0.080382 
1625 0.092484 
1630 0.100849 
1635 0.083732 
1640 0.098936 
1645 0.112884 
1650 0.086395 
1655 0.065757 
1660 0.068620 
1665 0.091336 
1670 0.100338 
1675 0.094247 
1680 0.086240 
1685 0.060341 
1690 0.066660 
1695 0.086656 
1700 0.086831 
1705 0.069344 
1710 0.104556 
1715 0.081543 
1720 0.075521 
1725 0.058915 
1730 0.065515 
1735 0.059534 
1740 0.079912 
1745 0.065298 
1750 0.074886 
1755 0.053217 
1760 0.070233 
1765 0.062915 
1770 0.072445 
1775 0.076474 
1780 0.074415 
1785 0.083097 
1790 0.076640 
1795 0.063637 
1800 0.066466 
1805 0.067859 
1810 0.064167 
1815 0.052754 
1820 0.069585 
1825 0.072566 
1830 0.080984 
1835 0.081445 
1840 0.068900 
1845 0.061423 
1850 0.079792 
1855 0.077937 
1860 0.061494 
1865 0.091071 
1870 0.086455 
1875 0.054226 
1880 0.067075 
1885 0.049876 
1890 0.069853 
1895 0.068068 
1900 0.073104 
1905 0.065018 
1910 0.072384 
1915 0.078588 
1920 0.063959 
1925 0.071129 
1930 0.057315 
1935 0.052934 
1940 0.059923 
1945 0.065746 
1950 0.042009 
1955 0.068387 
1960 0.065725 
1965 0.089027 
1970 0.068815 
1975 0.068376 
1980 0.056329 
1985 0.067134 
1990 0.083135 
1995 0.071658 
2000 0.074915 
2005 0.058359 
2010 0.084344 
2015 0.066765 
2020 0.076383 
2025 0.047265 
2030 0.057066 
2035 0.073937 
2040 0.085723 
2045 0.075301 
2050 0.072860 
2055 0.069730 
2060 0.060310 
2065 0.063821 
2070 0.068114 
2075 0.057486 
2080 0.062667 
2085 0.071471 
2090 0.050348 
2095 0.066421 
2100 0.067471 
2105 0.050798 
2110 0.043067 
2115 0.072008 
2120 0.048169 
2125 0.066342 
2130 0.072667 
2135 0.087380 
2140 0.056935 
2145 0.069802 
2150 0.064218 
2155 0.058740 
2160 0.066656 
2165 0.051178 
2170 0.072476 
2175 0.061735 
2180 0.055014 
2185 0.048393 
2190 0.065209 
2195 0.060426 
2200 0.074348 
2205 0.080569 
2210 0.059609 
2215 0.067640 
2220 0.057343 
2225 0.062863 
2230 0.072053 
2235 0.050630 
2240 0.059387 
2245 0.083827 
2250 0.059385 
2255 0.070748 
2260 0.091831 
2265 0.062001 
2270 0.071008 
2275 0.061673 
2280 0.058350 
2285 0.081024 
2290 0.057852 
2295 0.072767 
2300 0.080423 
2305 0.055859 
2310 0.043642 
2315 0.055886 
2320 0.063200 
2325 0.070366 
2330 0.057260 
2335 0.061460 
2340 0.072918 
2345 0.052474 
2350 0.062952 
2355 0.082778 
2360 0.068738 
2365 0.042373 
2370 0.076053 
2375 0.049080 
2380 0.061803 
2385 0.065360 
2390 0.051268 
2395 0.056526 
2400 0.050785 
2405 0.049699 
2410 0.069815 
2415 0.055464 
2420 0.045078 
2425 0.057683 
2430 0.062794 
2435 0.054573 
2440 0.067007 
2445 0.057865 
2450 0.058798 
2455 0.053415 
2460 0.056184 
2465 0.073677 
2470 0.054752 
2475 0.056426 
2480 0.061134 
2485 0.060243 
2490 0.069721 
2495 0.070594 
2500 0.061734 
2505 0.063368 
2510 0.084658 
2515 0.057823 
2520 0.055138 
2525 0.072638 
2530 0.074783 
2535 0.053459 
2540 0.061367 
2545 0.069254 
2550 0.061533 
2555 0.081301 
2560 0.069444 
2565 0.052532 
2570 0.062114 
2575 0.049870 
2580 0.055627 
2585 0.055119 
2590 0.068553 
2595 0.074521 
2600 0.057611 
2605 0.076755 
2610 0.057311 
2615 0.057731 
2620 0.055893 
2625 0.066558 
2630 0.063076 
2635 0.064198 
2640 0.079892 
2645 0.076015 
2650 0.065117 
2655 0.062205 
2660 0.060771 
2665 0.060184 
2670 0.077049 
2675 0.067253 
2680 0.070896 
2685 0.071922 
2690 0.053167 
2695 0.060656 
2700 0.058233 
2705 0.069726 
2710 0.068672 
2715 0.071007 
2720 0.055775 
2725 0.056391 
2730 0.061865 
2735 0.060488 
2740 0.055438 
2745 0.070763 
2750 0.057758 
2755 0.073158 
2760 0.071547 
2765 0.073378 
2770 0.043638 
2775 0.079344 
2780 0.059907 
2785 0.045193 
2790 0.056031 
2795 0.044922 
2800 0.064172 
2805 0.062392 
2810 0.082504 
2815 0.080624 
2820 0.073295 
2825 0.070515 
2830 0.085667 
2835 0.061646 
2840 0.077393 
2845 0.061310 
2850 0.069364 
2855 0.060963 
2860 0.047294 
2865 0.054003 
2870 0.073677 
2875 0.045429 
2880 0.059407 
2885 0.069729 
2890 0.061084 
2895 0.072527 
2900 0.048621 
2905 0.048817 
2910 0.076596 
2915 0.059813 
2920 0.066776 
2925 0.079457 
2930 0.072714 
2935 0.051541 
2940 0.047790 
2945 0.064669 
2950 0.056258 
2955 0.059532 
2960 0.064469 
2965 0.079795 
2970 0.081261 
2975 0.071551 
2980 0.045919 
2985 0.064763 
2990 0.051648 
2995 0.056741 
3000 0.074177 
3005 0.079853 
3010 0.081823 
3015 0.067323 
3020 0.078108 
3025 0.050728 
3030 0.058069 
3035 0.075715 
3040 0.084504 
3045 0.078407 
3050 0.058888 
3055 0.064223 
3060 0.071686 
3065 0.057958 
3070 0.058682 
3075 0.067231 
3080 0.065623 
3085 0.070674 
3090 0.052257 
3095 0.065702 
3100 0.066526 
3105 0.068123 
3110 0.057797 
3115 0.054979 
3120 0.065240 
3125 0.065052 
3130 0.059903 
3135 0.055523 
3140 0.063975 
3145 0.074181 
3150 0.058175 
3155 0.060342 
3160 0.052687 
3165 0.059636 
3170 0.059884 
3175 0.060147 
3180 0.064925 
3185 0.052596 
3190 0.038547 
3195 0.058540 
3200 0.058284 
3205 0.065895 
3210 0.074331 
3215 0.051300 
3220 0.064642 
3225 0.056167 
3230 0.060042 
3235 0.070318 
3240 0.051278 
3245 0.079640 
3250 0.065022 
3255 0.055862 
3260 0.058660 
3265 0.063492 
3270 0.066224 
3275 0.079763 
3280 0.050927 
3285 0.051846 
3290 0.047195 
3295 0.056742 
3300 0.062392 
3305 0.053762 
3310 0.059857 
3315 0.053709 
3320 0.054594 
3325 0.055498 
3330 0.083508 
3335 0.073480 
3340 0.063679 
3345 0.058956 
3350 0.063699 
3355 0.075720 
3360 0.082497 
3365 0.063473 
3370 0.055316 
3375 0.056682 
3380 0.071437 
3385 0.063762 
3390 0.043571 
3395 0.048995 
3400 0.067824 
3405 0.055810 
3410 0.063645 
3415 0.068026 
3420 0.062630 
3425 0.053904 
3430 0.066831 
3435 0.046242 
3440 0.048704 
3445 0.059712 
3450 0.067391 
3455 0.064643 
3460 0.089059 
3465 0.062339 
3470 0.059253 
3475 0.050559 
3480 0.073022 
3485 0.052299 
3490 0.067101 
3495 0.050033 
3500 0.069788 
3505 0.070418 
3510 0.072819 
3515 0.065235 
3520 0.059841 
3525 0.064455 
3530 0.081286 
3535 0.053310 
3540 0.071144 
3545 0.053946 
3550 0.057879 
3555 0.068715 
3560 0.078089 
3565 0.067149 
3570 0.056332 
3575 0.062339 
3580 0.077576 
3585 0.071180 
3590 0.060750 
3595 0.059802 
3600 0.063414 
3605 0.057044 
3610 0.048295 
3615 0.067306 
3620 0.060142 
3625 0.046384 
3630 0.048649 
3635 0.044742 
3640 0.076647 
3645 0.059281 
3650 0.065483 
3655 0.052073 
3660 0.056000 
3665 0.072473 
3670 0.085893 
3675 0.081653 
3680 0.064997 
3685 0.076452 
3690 0.063063 
3695 0.054640 
3700 0.061030 
3705 0.072956 
3710 0.063211 
3715 0.055497 
3720 0.050437 
3725 0.067067 
3730 0.085879 
3735 0.072475 
3740 0.071856 
3745 0.055111 
3750 0.063322 
3755 0.054688 
3760 0.037903 
3765 0.052600 
3770 0.063674 
3775 0.061609 
3780 0.061010 
3785 0.067862 
3790 0.054358 
3795 0.049075 
3800 0.078882 
3805 0.039693 
3810 0.063567 
3815 0.052850 
3820 0.044884 
3825 0.064510 
3830 0.054438 
3835 0.071114 
3840 0.057273 
3845 0.049837 
3850 0.053178 
3855 0.053718 
3860 0.065826 
3865 0.064931 
3870 0.063242 
3875 0.044402 
3880 0.043247 
3885 0.061807 
3890 0.057175 
3895 0.062710 
3900 0.057272 
3905 0.046695 
3910 0.082741 
3915 0.063616 
3920 0.048431 
3925 0.057673 
3930 0.061201 
3935 0.044761 
3940 0.055629 
3945 0.067698 
3950 0.048984 
3955 0.055490 
3960 0.065288 
3965 0.069938 
3970 0.050388 
3975 0.054501 
3980 0.063844 
3985 0.054182 
3990 0.068228 
3995 0.062294 
