50 1.859053 
55 2.008542 
60 1.201878 
65 1.359465 
70 0.809301 
75 0.702638 
80 1.046915 
85 1.063917 
90 0.956340 
95 0.686838 
100 0.804249 
105 0.796319 
110 0.961715 
115 0.489379 
120 0.331339 
125 0.575732 
130 0.485587 
135 0.529313 
140 0.413282 
145 0.429377 
150 0.556164 
155 0.517586 
160 0.777504 
165 0.420597 
170 0.586139 
175 0.525523 
180 0.527378 
185 0.388102 
190 0.658774 
195 0.448129 
200 0.394201 
205 0.396165 
210 0.351563 
215 0.302041 
220 0.206317 
225 0.221098 
230 0.271886 
235 0.267045 
240 0.376881 
245 0.256101 
250 0.519674 
255 0.316800 
260 0.407298 
265 0.478203 
270 0.372406 
275 0.452347 
280 0.323544 
285 0.392604 
290 0.496572 
295 0.436265 
300 0.320313 
305 0.309523 
310 0.243990 
315 0.289706 
320 0.314551 
325 0.335591 
330 0.332510 
335 0.234289 
340 0.196938 
345 0.224819 
350 0.230935 
355 0.193191 
360 0.254209 
365 0.220117 
370 0.188238 
375 0.203282 
380 0.200469 
385 0.173068 
390 0.112522 
395 0.141212 
400 0.130198 
405 0.193735 
410 0.158254 
415 0.207538 
420 0.189989 
425 0.185378 
430 0.183239 
435 0.151427 
440 0.158474 
445 0.180993 
450 0.154579 
455 0.239315 
460 0.151576 
465 0.150513 
470 0.178639 
475 0.151910 
480 0.135783 
485 0.146037 
490 0.117323 
495 0.167815 
500 0.153293 
505 0.128558 
510 0.130903 
515 0.123355 
520 0.142470 
525 0.136152 
530 0.140903 
535 0.159095 
540 0.104144 
545 0.147086 
550 0.166452 
555 0.124561 
560 0.164337 
565 0.120617 
570 0.107417 
575 0.126244 
580 0.174144 
585 0.157847 
590 0.144293 
595 0.173690 
600 0.153210 
605 0.144765 
610 0.107887 
615 0.109649 
620 0.118695 
625 0.094671 
630 0.139876 
635 0.123471 
640 0.110449 
645 0.100949 
650 0.120878 
655 0.156545 
660 0.117605 
665 0.112183 
670 0.132400 
675 0.162117 
680 0.125134 
685 0.150593 
690 0.150558 
695 0.162959 
700 0.152304 
705 0.131718 
710 0.117737 
715 0.091733 
720 0.106004 
725 0.158772 
730 0.164086 
735 0.172996 
740 0.111976 
745 0.127869 
750 0.114450 
755 0.140103 
760 0.099159 
765 0.153024 
770 0.130746 
775 0.100058 
780 0.140020 
785 0.136658 
790 0.102955 
795 0.129328 
800 0.132984 
805 0.211813 
810 0.201325 
815 0.196503 
820 0.164228 
825 0.183850 
830 0.139831 
835 0.202713 
840 0.158661 
845 0.156695 
850 0.166264 
855 0.206350 
860 0.265035 
865 0.200866 
870 0.316415 
875 0.223664 
880 0.213177 
885 0.203171 
890 0.209019 
895 0.159957 
900 0.253309 
905 0.296095 
910 0.373356 
915 0.240265 
920 0.270837 
925 0.234908 
930 0.131289 
935 0.126998 
940 0.175946 
945 0.169878 
950 0.130312 
955 0.198833 
960 0.170288 
965 0.180289 
970 0.181211 
975 0.133369 
980 0.131965 
985 0.140095 
990 0.125771 
995 0.170080 
1000 0.120978 
1005 0.156482 
1010 0.125809 
1015 0.132879 
1020 0.150786 
1025 0.094336 
1030 0.127783 
1035 0.085093 
1040 0.127778 
1045 0.122031 
1050 0.100194 
1055 0.098321 
1060 0.107707 
1065 0.104565 
1070 0.131760 
1075 0.128027 
1080 0.095556 
1085 0.096939 
1090 0.118412 
1095 0.099414 
1100 0.108418 
1105 0.089942 
1110 0.116054 
1115 0.089474 
1120 0.103874 
1125 0.106994 
1130 0.100236 
1135 0.142876 
1140 0.088235 
1145 0.096159 
1150 0.094023 
1155 0.090306 
1160 0.117085 
1165 0.136877 
1170 0.113513 
1175 0.121742 
1180 0.164561 
1185 0.120716 
1190 0.144669 
1195 0.109446 
1200 0.125717 
1205 0.192271 
1210 0.207824 
1215 0.133970 
1220 0.139584 
1225 0.122112 
1230 0.165759 
1235 0.098196 
1240 0.130909 
1245 0.161718 
1250 0.135810 
1255 0.119302 
1260 0.140065 
1265 0.102266 
1270 0.114230 
1275 0.090972 
1280 0.091146 
1285 0.083441 
1290 0.095169 
1295 0.111395 
1300 0.110778 
1305 0.095814 
1310 0.091288 
1315 0.071484 
1320 0.111515 
1325 0.084254 
1330 0.084034 
1335 0.097256 
1340 0.088902 
1345 0.092096 
1350 0.083096 
1355 0.126169 
1360 0.048519 
1365 0.100879 
1370 0.109882 
1375 0.099467 
1380 0.098638 
1385 0.070723 
1390 0.092618 
1395 0.123857 
1400 0.072326 
1405 0.113992 
1410 0.106890 
1415 0.082723 
1420 0.087279 
1425 0.078533 
1430 0.094194 
1435 0.082692 
1440 0.098326 
1445 0.091869 
1450 0.088075 
1455 0.072860 
1460 0.070874 
1465 0.048673 
1470 0.043616 
1475 0.075202 
1480 0.077718 
1485 0.073056 
1490 0.081165 
1495 0.053826 
1500 0.087821 
1505 0.062720 
1510 0.071626 
1515 0.067296 
1520 0.065337 
1525 0.079249 
1530 0.089273 
1535 0.076039 
1540 0.107222 
1545 0.075150 
1550 0.072197 
1555 0.076639 
1560 0.079307 
1565 0.079384 
1570 0.084709 
1575 0.087620 
1580 0.084516 
1585 0.074330 
1590 0.084325 
1595 0.104651 
1600 0.072226 
1605 0.077369 
1610 0.074544 
1615 0.080122 
1620 0.069317 
1625 0.092589 
1630 0.089956 
1635 0.075052 
1640 0.056255 
1645 0.076628 
1650 0.071626 
1655 0.069770 
1660 0.069718 
1665 0.060285 
1670 0.048253 
1675 0.049898 
1680 0.066612 
1685 0.078544 
1690 0.099569 
1695 0.053590 
1700 0.071305 
1705 0.073557 
1710 0.067314 
1715 0.079587 
1720 0.061174 
1725 0.052987 
1730 0.099234 
1735 0.072895 
1740 0.069654 
1745 0.061466 
1750 0.080625 
1755 0.057654 
1760 0.087984 
1765 0.077763 
1770 0.060221 
1775 0.082403 
1780 0.064611 
1785 0.073115 
1790 0.079026 
1795 0.125670 
1800 0.079059 
1805 0.069361 
1810 0.059578 
1815 0.072405 
1820 0.074617 
1825 0.071432 
1830 0.073228 
1835 0.073141 
1840 0.102412 
1845 0.076134 
1850 0.074696 
1855 0.053964 
1860 0.083282 
1865 0.084284 
1870 0.068912 
1875 0.091088 
1880 0.066680 
1885 0.052052 
1890 0.072719 
1895 0.062813 
1900 0.085080 
1905 0.070601 
1910 0.080814 
1915 0.076461 
1920 0.085684 
1925 0.080495 
1930 0.076959 
1935 0.076400 
1940 0.089514 
1945 0.051742 
1950 0.067874 
1955 0.050170 
1960 0.092810 
1965 0.099366 
1970 0.053926 
1975 0.077457 
1980 0.070090 
1985 0.060539 
1990 0.077289 
1995 0.067897 
2000 0.059229 
2005 0.068766 
2010 0.071991 
2015 0.061091 
2020 0.088913 
2025 0.051987 
2030 0.054733 
2035 0.044931 
2040 0.062520 
2045 0.062966 
2050 0.078407 
2055 0.071441 
2060 0.062449 
2065 0.063898 
2070 0.079182 
2075 0.097968 
2080 0.100536 
2085 0.058319 
2090 0.056858 
2095 0.064130 
2100 0.043036 
2105 0.075999 
2110 0.071589 
2115 0.079543 
2120 0.070374 
2125 0.074661 
2130 0.081855 
2135 0.067507 
2140 0.095042 
2145 0.073276 
2150 0.085815 
2155 0.082553 
2160 0.086707 
2165 0.091314 
2170 0.076045 
2175 0.079482 
2180 0.084359 
2185 0.073870 
2190 0.084009 
2195 0.073113 
2200 0.081381 
2205 0.070961 
2210 0.074960 
2215 0.084833 
2220 0.073436 
2225 0.071907 
2230 0.103343 
2235 0.077494 
2240 0.066103 
2245 0.066106 
2250 0.084716 
2255 0.086033 
2260 0.067079 
2265 0.055265 
2270 0.064171 
2275 0.080887 
2280 0.069018 
2285 0.053305 
2290 0.074021 
2295 0.083732 
2300 0.066169 
2305 0.060192 
2310 0.067874 
2315 0.079844 
2320 0.057559 
2325 0.074289 
2330 0.060311 
2335 0.085975 
2340 0.076000 
2345 0.080628 
2350 0.059960 
2355 0.068749 
2360 0.056923 
2365 0.066155 
2370 0.071723 
2375 0.080548 
2380 0.062907 
2385 0.067479 
2390 0.068141 
2395 0.057096 
2400 0.102086 
2405 0.080994 
2410 0.078349 
2415 0.074171 
2420 0.072561 
2425 0.081640 
2430 0.081016 
2435 0.059907 
2440 0.066348 
2445 0.056845 
2450 0.089053 
2455 0.098272 
2460 0.064288 
2465 0.086745 
2470 0.071554 
2475 0.069665 
2480 0.061094 
2485 0.059183 
2490 0.052062 
2495 0.061232 
2500 0.058422 
2505 0.083739 
2510 0.093029 
2515 0.072000 
2520 0.063702 
2525 0.080530 
2530 0.108554 
2535 0.093595 
2540 0.066471 
2545 0.069216 
2550 0.099854 
2555 0.096407 
2560 0.076460 
2565 0.057679 
2570 0.081132 
2575 0.123627 
2580 0.088981 
2585 0.083878 
2590 0.082179 
2595 0.104934 
2600 0.087645 
2605 0.073383 
2610 0.077421 
2615 0.061517 
2620 0.092726 
2625 0.094411 
2630 0.055100 
2635 0.083724 
2640 0.098111 
2645 0.084015 
2650 0.068610 
2655 0.082078 
2660 0.088999 
2665 0.066761 
2670 0.064757 
2675 0.105476 
2680 0.078440 
2685 0.079042 
2690 0.076943 
2695 0.071386 
2700 0.071980 
2705 0.073195 
2710 0.078471 
2715 0.086756 
2720 0.049888 
2725 0.061622 
2730 0.086384 
2735 0.093506 
2740 0.081969 
2745 0.065732 
2750 0.092971 
2755 0.058946 
2760 0.061580 
2765 0.057614 
2770 0.078934 
2775 0.068824 
2780 0.053730 
2785 0.061798 
2790 0.071512 
2795 0.081297 
2800 0.067203 
2805 0.068581 
2810 0.071151 
2815 0.082773 
2820 0.045104 
2825 0.058463 
2830 0.052549 
2835 0.060842 
2840 0.064921 
2845 0.081805 
2850 0.072485 
2855 0.071115 
2860 0.064332 
2865 0.059085 
2870 0.060088 
2875 0.061831 
2880 0.080585 
2885 0.074821 
2890 0.079157 
2895 0.097905 
2900 0.069153 
2905 0.078798 
2910 0.075371 
2915 0.069421 
2920 0.063581 
2925 0.045585 
2930 0.080727 
2935 0.074047 
2940 0.075413 
2945 0.068522 
2950 0.061960 
2955 0.070288 
2960 0.076260 
2965 0.057506 
2970 0.077264 
2975 0.079371 
2980 0.069777 
2985 0.098900 
2990 0.080195 
2995 0.076263 
3000 0.062149 
3005 0.077255 
3010 0.065189 
3015 0.074140 
3020 0.076078 
3025 0.069889 
3030 0.062962 
3035 0.056971 
3040 0.079847 
3045 0.053540 
3050 0.079319 
3055 0.065431 
3060 0.067879 
3065 0.071844 
3070 0.085473 
3075 0.081256 
3080 0.076048 
3085 0.068478 
3090 0.057955 
3095 0.066956 
3100 0.072650 
3105 0.078076 
3110 0.071754 
3115 0.063585 
3120 0.098154 
3125 0.074212 
3130 0.058705 
3135 0.065748 
3140 0.067495 
3145 0.083429 
3150 0.071355 
3155 0.084134 
3160 0.083191 
3165 0.066873 
3170 0.051294 
3175 0.067031 
3180 0.081107 
3185 0.071235 
3190 0.067249 
3195 0.057059 
3200 0.066958 
3205 0.064847 
3210 0.073563 
3215 0.068089 
3220 0.059910 
3225 0.058285 
3230 0.055696 
3235 0.052212 
3240 0.059837 
3245 0.058296 
3250 0.055781 
3255 0.064905 
3260 0.048077 
3265 0.076900 
3270 0.047658 
3275 0.065125 
3280 0.052537 
3285 0.054154 
3290 0.049107 
3295 0.058215 
3300 0.062014 
3305 0.068096 
3310 0.060758 
3315 0.054707 
3320 0.062233 
3325 0.052715 
3330 0.055493 
3335 0.070758 
3340 0.081065 
3345 0.053547 
3350 0.071525 
3355 0.055459 
3360 0.061388 
3365 0.061619 
3370 0.042791 
3375 0.068615 
3380 0.066452 
3385 0.048599 
3390 0.059006 
3395 0.066108 
3400 0.063489 
3405 0.063158 
3410 0.069142 
3415 0.062946 
3420 0.070501 
3425 0.079008 
3430 0.064376 
3435 0.060202 
3440 0.056855 
3445 0.057496 
3450 0.090197 
3455 0.075346 
3460 0.061128 
3465 0.046227 
3470 0.060635 
3475 0.064756 
3480 0.062810 
3485 0.056235 
3490 0.078104 
3495 0.054388 
3500 0.056729 
3505 0.059284 
3510 0.077548 
3515 0.048071 
3520 0.068987 
3525 0.060318 
3530 0.057143 
3535 0.069417 
3540 0.039329 
3545 0.049391 
3550 0.058648 
3555 0.065424 
3560 0.084349 
3565 0.071113 
3570 0.066281 
3575 0.058992 
3580 0.047966 
3585 0.060479 
3590 0.072156 
3595 0.066980 
3600 0.082916 
3605 0.069462 
3610 0.062119 
3615 0.056387 
3620 0.056245 
3625 0.061727 
3630 0.060752 
3635 0.083612 
3640 0.058195 
3645 0.074157 
3650 0.067901 
3655 0.084952 
3660 0.086006 
3665 0.055611 
3670 0.071702 
3675 0.090015 
3680 0.056096 
3685 0.044909 
3690 0.089315 
3695 0.086004 
3700 0.074729 
3705 0.074596 
3710 0.071468 
3715 0.059128 
3720 0.065275 
3725 0.076772 
3730 0.057017 
3735 0.058063 
3740 0.077133 
3745 0.041350 
3750 0.068928 
3755 0.049629 
3760 0.050368 
3765 0.062498 
3770 0.064592 
3775 0.064046 
3780 0.058352 
3785 0.053427 
3790 0.059717 
3795 0.062729 
3800 0.078099 
3805 0.089525 
3810 0.089792 
3815 0.063271 
3820 0.063104 
3825 0.094131 
3830 0.078617 
3835 0.059380 
3840 0.087441 
3845 0.070527 
3850 0.071166 
3855 0.065442 
3860 0.060938 
3865 0.066318 
3870 0.064519 
3875 0.075419 
3880 0.063905 
3885 0.074027 
3890 0.057581 
3895 0.074619 
3900 0.058778 
3905 0.052968 
3910 0.066112 
3915 0.062552 
3920 0.075158 
3925 0.048416 
3930 0.049778 
3935 0.045265 
3940 0.080600 
3945 0.052021 
3950 0.072544 
3955 0.061829 
3960 0.065710 
3965 0.068711 
3970 0.071204 
3975 0.068439 
3980 0.074153 
3985 0.066913 
3990 0.070377 
3995 0.074008 
