50 12.940064 
55 8.978721 
60 2.123424 
65 2.217491 
70 0.535792 
75 0.536974 
80 0.533129 
85 0.479374 
90 0.553216 
95 0.277117 
100 0.563333 
105 0.388770 
110 0.445424 
115 0.478730 
120 0.386734 
125 0.326802 
130 0.427102 
135 0.240321 
140 0.359972 
145 0.569179 
150 0.667674 
155 0.280913 
160 0.463889 
165 0.584440 
170 0.750555 
175 0.186512 
180 0.193933 
185 0.165743 
190 0.095499 
195 0.218963 
200 0.160892 
205 0.130820 
210 0.132220 
215 0.111906 
220 0.151295 
225 0.184931 
230 0.088598 
235 0.105853 
240 0.192941 
245 0.125189 
250 0.182285 
255 0.343837 
260 0.075832 
265 0.073569 
270 0.055182 
275 0.111589 
280 0.076480 
285 0.130289 
290 0.062051 
295 0.048180 
300 0.073899 
305 0.051725 
310 0.035626 
315 0.039702 
320 0.077864 
325 0.051890 
330 0.066703 
335 0.069924 
340 0.057773 
345 0.069707 
350 0.062083 
355 0.052074 
360 0.114649 
365 0.091907 
370 0.040097 
375 0.021965 
380 0.027188 
385 0.050988 
390 0.034557 
395 0.033374 
400 0.069821 
405 0.052384 
410 0.052696 
415 0.040872 
420 0.034472 
425 0.027428 
430 0.043917 
435 0.040538 
440 0.062980 
445 0.038348 
450 0.040922 
455 0.048495 
460 0.048630 
465 0.057794 
470 0.024461 
475 0.019062 
480 0.035215 
485 0.021644 
490 0.044361 
495 0.040232 
500 0.032470 
505 0.035338 
510 0.024212 
515 0.041726 
520 0.028401 
525 0.036008 
530 0.018184 
535 0.024564 
540 0.033887 
545 0.031474 
550 0.020544 
555 0.031348 
560 0.031995 
565 0.034786 
570 0.035378 
575 0.028608 
580 0.010342 
585 0.015688 
590 0.021331 
595 0.033002 
600 0.018868 
605 0.017264 
610 0.013274 
615 0.008770 
620 0.030954 
625 0.020507 
630 0.029860 
635 0.012489 
640 0.013007 
645 0.026395 
650 0.013753 
655 0.020601 
660 0.024146 
665 0.034164 
670 0.025119 
675 0.024709 
680 0.043178 
685 0.026549 
690 0.026694 
695 0.020475 
700 0.020876 
705 0.039270 
710 0.022455 
715 0.014660 
720 0.028608 
725 0.027747 
730 0.030216 
735 0.034419 
740 0.010882 
745 0.028324 
750 0.027044 
755 0.018091 
760 0.042094 
765 0.020473 
770 0.028673 
775 0.038073 
780 0.026200 
785 0.041906 
790 0.035319 
795 0.033535 
800 0.026193 
805 0.026393 
810 0.024695 
815 0.028240 
820 0.036726 
825 0.017464 
830 0.041727 
835 0.067409 
840 0.021981 
845 0.011411 
850 0.074406 
855 0.042036 
860 0.025667 
865 0.035095 
870 0.034586 
875 0.028524 
880 0.033322 
885 0.032617 
890 0.022726 
895 0.028304 
900 0.015529 
905 0.024850 
910 0.019627 
915 0.014540 
920 0.015233 
925 0.030540 
930 0.023147 
935 0.022011 
940 0.020761 
945 0.007434 
950 0.017732 
955 0.024993 
960 0.026934 
965 0.013799 
970 0.017512 
975 0.026690 
980 0.023547 
985 0.021053 
990 0.026344 
995 0.028468 
1000 0.028806 
1005 0.018294 
1010 0.024283 
1015 0.016674 
1020 0.012731 
1025 0.013738 
1030 0.011728 
1035 0.020843 
1040 0.011063 
1045 0.028016 
1050 0.012316 
1055 0.008918 
1060 0.011287 
1065 0.007449 
1070 0.016833 
1075 0.006458 
1080 0.014004 
1085 0.010671 
1090 0.011712 
1095 0.011531 
1100 0.006138 
1105 0.007555 
1110 0.008155 
1115 0.012844 
1120 0.007047 
1125 0.011600 
1130 0.011362 
1135 0.028304 
1140 0.013807 
1145 0.018425 
1150 0.021639 
1155 0.040164 
1160 0.006505 
1165 0.012350 
1170 0.020942 
1175 0.005605 
1180 0.010461 
1185 0.016012 
1190 0.019209 
1195 0.012673 
1200 0.009529 
1205 0.012526 
1210 0.009719 
1215 0.007271 
1220 0.010064 
1225 0.012989 
1230 0.007172 
1235 0.019138 
1240 0.016445 
1245 0.014079 
1250 0.013593 
1255 0.009379 
1260 0.013512 
1265 0.007690 
1270 0.009519 
1275 0.006716 
1280 0.008554 
1285 0.004472 
1290 0.006320 
1295 0.008429 
1300 0.009122 
1305 0.008401 
1310 0.007858 
1315 0.005912 
1320 0.008530 
1325 0.007670 
1330 0.008407 
1335 0.013193 
1340 0.010379 
1345 0.015436 
1350 0.006757 
1355 0.006625 
1360 0.008611 
1365 0.008347 
1370 0.010412 
1375 0.005476 
1380 0.005041 
1385 0.006673 
1390 0.008908 
1395 0.009184 
1400 0.005224 
1405 0.004675 
1410 0.006492 
1415 0.007357 
1420 0.009631 
1425 0.006371 
1430 0.004117 
1435 0.003117 
1440 0.004386 
1445 0.007793 
1450 0.005940 
1455 0.007084 
1460 0.004896 
1465 0.004405 
1470 0.003737 
1475 0.003758 
1480 0.002745 
1485 0.005042 
1490 0.004881 
1495 0.006634 
1500 0.005445 
1505 0.004855 
1510 0.007437 
1515 0.004242 
1520 0.004804 
1525 0.002115 
1530 0.004672 
1535 0.004132 
1540 0.005815 
1545 0.004460 
1550 0.008702 
1555 0.009051 
1560 0.007503 
1565 0.002641 
1570 0.007743 
1575 0.004839 
1580 0.005362 
1585 0.008018 
1590 0.007371 
1595 0.009474 
1600 0.009414 
1605 0.008671 
1610 0.014182 
1615 0.005205 
1620 0.011140 
1625 0.013382 
1630 0.008309 
1635 0.012886 
1640 0.008254 
1645 0.012567 
1650 0.008395 
1655 0.010217 
1660 0.007592 
1665 0.004293 
1670 0.005156 
1675 0.006501 
1680 0.003139 
1685 0.004278 
1690 0.009488 
1695 0.006969 
1700 0.005720 
1705 0.010410 
1710 0.003700 
1715 0.010908 
1720 0.005061 
1725 0.009432 
1730 0.006052 
1735 0.006431 
1740 0.004819 
1745 0.003016 
1750 0.012428 
1755 0.007961 
1760 0.009037 
1765 0.005299 
1770 0.003459 
1775 0.005435 
1780 0.006617 
1785 0.005458 
1790 0.009024 
1795 0.005798 
1800 0.003405 
1805 0.007785 
1810 0.006825 
1815 0.006883 
1820 0.006125 
1825 0.005715 
1830 0.002705 
1835 0.002607 
1840 0.006473 
1845 0.005871 
1850 0.004092 
1855 0.005582 
1860 0.003765 
1865 0.005429 
1870 0.005661 
1875 0.006075 
1880 0.005645 
1885 0.006665 
1890 0.003520 
1895 0.013394 
1900 0.005346 
1905 0.008364 
1910 0.007657 
1915 0.006674 
1920 0.007457 
1925 0.009254 
1930 0.006777 
1935 0.012937 
1940 0.008103 
1945 0.003748 
1950 0.003668 
1955 0.010149 
1960 0.006344 
1965 0.007322 
1970 0.006649 
1975 0.006327 
1980 0.006261 
1985 0.005912 
1990 0.006808 
1995 0.004994 
2000 0.004800 
2005 0.007329 
2010 0.006234 
2015 0.006876 
2020 0.010294 
2025 0.006174 
2030 0.003610 
2035 0.005847 
2040 0.004819 
2045 0.005317 
2050 0.006456 
2055 0.006729 
2060 0.005692 
2065 0.004949 
2070 0.004493 
2075 0.005747 
2080 0.005232 
2085 0.005741 
2090 0.004232 
2095 0.003206 
2100 0.006271 
2105 0.005193 
2110 0.004509 
2115 0.004711 
2120 0.003336 
2125 0.004488 
2130 0.006677 
2135 0.005048 
2140 0.008195 
2145 0.010252 
2150 0.003807 
2155 0.003981 
2160 0.004005 
2165 0.006996 
2170 0.005648 
2175 0.002007 
2180 0.004026 
2185 0.004896 
2190 0.003122 
2195 0.006188 
2200 0.006104 
2205 0.006942 
2210 0.002992 
2215 0.002064 
2220 0.004610 
2225 0.003485 
2230 0.003183 
2235 0.003806 
2240 0.004854 
2245 0.005389 
2250 0.003662 
2255 0.005877 
2260 0.004251 
2265 0.002561 
2270 0.005979 
2275 0.003108 
2280 0.002608 
2285 0.003886 
2290 0.003498 
2295 0.005333 
2300 0.005682 
2305 0.003783 
2310 0.002420 
2315 0.002553 
2320 0.003455 
2325 0.003684 
2330 0.003175 
2335 0.002859 
2340 0.003648 
2345 0.002772 
2350 0.005117 
2355 0.003647 
2360 0.004475 
2365 0.004588 
2370 0.003596 
2375 0.003966 
2380 0.004439 
2385 0.003567 
2390 0.003326 
2395 0.003180 
2400 0.003344 
2405 0.002423 
2410 0.002852 
2415 0.002145 
2420 0.004556 
2425 0.003785 
2430 0.005390 
2435 0.003741 
2440 0.006021 
2445 0.005810 
2450 0.004398 
2455 0.002150 
2460 0.003711 
2465 0.006061 
2470 0.002525 
2475 0.002426 
2480 0.002134 
2485 0.004254 
2490 0.004687 
2495 0.003425 
2500 0.006560 
2505 0.003677 
2510 0.003879 
2515 0.003145 
2520 0.003603 
2525 0.003762 
2530 0.004339 
2535 0.002624 
2540 0.004180 
2545 0.003384 
2550 0.003427 
2555 0.001742 
2560 0.006160 
2565 0.002896 
2570 0.004186 
2575 0.003526 
2580 0.004799 
2585 0.006452 
2590 0.002817 
2595 0.004483 
2600 0.005340 
2605 0.004109 
2610 0.005289 
2615 0.003364 
2620 0.004845 
2625 0.004192 
2630 0.004819 
2635 0.004710 
2640 0.003511 
2645 0.003889 
2650 0.004061 
2655 0.005812 
2660 0.003366 
2665 0.004076 
2670 0.002226 
2675 0.002697 
2680 0.002028 
2685 0.002308 
2690 0.003755 
2695 0.003617 
2700 0.002695 
2705 0.002251 
2710 0.002841 
2715 0.004511 
2720 0.004953 
2725 0.003971 
2730 0.003611 
2735 0.004170 
2740 0.006529 
2745 0.005088 
2750 0.002422 
2755 0.003501 
2760 0.004720 
2765 0.003799 
2770 0.003799 
2775 0.004921 
2780 0.003484 
2785 0.005357 
2790 0.006025 
2795 0.004170 
2800 0.003325 
2805 0.004329 
2810 0.002390 
2815 0.003622 
2820 0.002090 
2825 0.002232 
2830 0.002695 
2835 0.004039 
2840 0.002306 
2845 0.004482 
2850 0.003117 
2855 0.004315 
2860 0.002088 
2865 0.002282 
2870 0.003954 
2875 0.002059 
2880 0.001815 
2885 0.004411 
2890 0.004161 
2895 0.003588 
2900 0.003545 
2905 0.003444 
2910 0.002396 
2915 0.002255 
2920 0.002614 
2925 0.002343 
2930 0.003057 
2935 0.002908 
2940 0.001972 
2945 0.003952 
2950 0.003776 
2955 0.002455 
2960 0.002855 
2965 0.002581 
2970 0.002177 
2975 0.002219 
2980 0.002289 
2985 0.001640 
2990 0.003103 
2995 0.003340 
3000 0.001794 
3005 0.002442 
3010 0.003104 
3015 0.002674 
3020 0.001671 
3025 0.003150 
3030 0.002351 
3035 0.002845 
3040 0.002902 
3045 0.003037 
3050 0.002649 
3055 0.003098 
3060 0.001800 
3065 0.003657 
3070 0.003695 
3075 0.002843 
3080 0.003575 
3085 0.002205 
3090 0.002622 
3095 0.002235 
3100 0.002265 
3105 0.002402 
3110 0.003448 
3115 0.002494 
3120 0.002083 
3125 0.003414 
3130 0.002214 
3135 0.002128 
3140 0.003257 
3145 0.003346 
3150 0.002438 
3155 0.002714 
3160 0.001886 
3165 0.002139 
3170 0.002631 
3175 0.004705 
3180 0.005275 
3185 0.003468 
3190 0.004703 
3195 0.003133 
3200 0.003193 
3205 0.001467 
3210 0.002648 
3215 0.002820 
3220 0.001285 
3225 0.003649 
3230 0.003267 
3235 0.002182 
3240 0.002310 
3245 0.002762 
3250 0.004240 
3255 0.002920 
3260 0.002978 
3265 0.002691 
3270 0.003163 
3275 0.002674 
3280 0.003977 
3285 0.004194 
3290 0.002959 
3295 0.004042 
3300 0.004537 
3305 0.002865 
3310 0.004183 
3315 0.002390 
3320 0.002472 
3325 0.003394 
3330 0.004251 
3335 0.005998 
3340 0.003432 
3345 0.002653 
3350 0.003713 
3355 0.001753 
3360 0.002920 
3365 0.002714 
3370 0.002750 
3375 0.003931 
3380 0.002313 
3385 0.004559 
3390 0.002630 
3395 0.005118 
3400 0.007353 
3405 0.005038 
3410 0.005304 
3415 0.006688 
3420 0.005024 
3425 0.004588 
3430 0.003052 
3435 0.005776 
3440 0.003415 
3445 0.003045 
3450 0.007160 
3455 0.005408 
3460 0.004036 
3465 0.002184 
3470 0.007900 
3475 0.004011 
3480 0.004229 
3485 0.004171 
3490 0.003392 
3495 0.002221 
3500 0.004228 
3505 0.003809 
3510 0.002681 
3515 0.002665 
3520 0.004600 
3525 0.005040 
3530 0.003631 
3535 0.003830 
3540 0.005027 
3545 0.006215 
3550 0.004277 
3555 0.006185 
3560 0.003174 
3565 0.004869 
3570 0.005963 
3575 0.003844 
3580 0.003571 
3585 0.006179 
3590 0.004401 
3595 0.004091 
3600 0.006981 
3605 0.003585 
3610 0.003717 
3615 0.003991 
3620 0.002028 
3625 0.002793 
3630 0.002812 
3635 0.004027 
3640 0.002633 
3645 0.005675 
3650 0.006561 
3655 0.006112 
3660 0.005959 
3665 0.003500 
3670 0.004776 
3675 0.006424 
3680 0.005724 
3685 0.003586 
3690 0.004610 
3695 0.003345 
3700 0.007935 
3705 0.008806 
3710 0.002997 
3715 0.002919 
3720 0.003946 
3725 0.003396 
3730 0.003252 
3735 0.002908 
3740 0.002613 
3745 0.002497 
3750 0.003914 
3755 0.002859 
3760 0.003235 
3765 0.003569 
3770 0.004850 
3775 0.005042 
3780 0.006345 
3785 0.003963 
3790 0.002807 
3795 0.003543 
3800 0.005124 
3805 0.001438 
3810 0.002818 
3815 0.003366 
3820 0.002576 
3825 0.003851 
3830 0.003616 
3835 0.004226 
3840 0.004855 
3845 0.004639 
3850 0.002400 
3855 0.003455 
3860 0.004228 
3865 0.002621 
3870 0.002930 
3875 0.004197 
3880 0.002084 
3885 0.002880 
3890 0.002671 
3895 0.003361 
3900 0.002687 
3905 0.003591 
3910 0.003837 
3915 0.002986 
3920 0.004614 
3925 0.003076 
3930 0.003879 
3935 0.001857 
3940 0.003964 
3945 0.004497 
3950 0.002642 
3955 0.001902 
3960 0.001656 
3965 0.002902 
3970 0.002457 
3975 0.002600 
3980 0.001988 
3985 0.005786 
3990 0.002388 
3995 0.003506 
