50 23.936658 
55 3.240755 
60 2.543310 
65 1.770753 
70 1.642850 
75 2.486777 
80 1.049266 
85 0.868975 
90 1.035482 
95 0.760969 
100 0.994662 
105 0.439982 
110 0.726378 
115 0.725766 
120 0.318014 
125 0.292444 
130 0.278343 
135 0.595991 
140 0.444165 
145 1.388897 
150 1.217404 
155 1.426905 
160 0.218893 
165 0.234125 
170 0.365830 
175 0.522433 
180 0.328160 
185 0.686630 
190 0.482194 
195 0.248066 
200 0.178537 
205 0.247755 
210 0.230154 
215 0.449113 
220 0.234960 
225 0.037857 
230 0.175685 
235 0.242687 
240 0.289043 
245 0.153347 
250 0.264251 
255 0.312554 
260 0.481777 
265 0.255942 
270 0.154236 
275 0.233221 
280 0.095790 
285 0.169928 
290 0.205723 
295 0.263457 
300 0.179375 
305 0.234138 
310 0.093237 
315 0.187732 
320 0.178288 
325 0.056602 
330 0.115750 
335 0.074911 
340 0.108081 
345 0.116758 
350 0.102257 
355 0.064464 
360 0.162572 
365 0.318261 
370 0.110323 
375 0.051282 
380 0.054799 
385 0.064678 
390 0.062388 
395 0.054400 
400 0.125494 
405 0.085085 
410 0.101934 
415 0.097273 
420 0.110404 
425 0.073227 
430 0.155440 
435 0.109272 
440 0.085266 
445 0.093706 
450 0.041530 
455 0.083764 
460 0.089360 
465 0.160838 
470 0.166211 
475 0.028155 
480 0.092388 
485 0.059625 
490 0.041595 
495 0.046192 
500 0.045309 
505 0.055558 
510 0.057751 
515 0.042186 
520 0.036467 
525 0.041571 
530 0.038331 
535 0.121275 
540 0.060801 
545 0.035284 
550 0.061144 
555 0.080407 
560 0.074584 
565 0.062188 
570 0.083497 
575 0.107738 
580 0.057692 
585 0.068012 
590 0.076464 
595 0.031301 
600 0.041049 
605 0.022607 
610 0.076197 
615 0.043539 
620 0.031038 
625 0.032489 
630 0.037819 
635 0.087309 
640 0.034411 
645 0.060852 
650 0.027943 
655 0.051435 
660 0.045903 
665 0.042249 
670 0.057067 
675 0.039503 
680 0.056359 
685 0.028316 
690 0.048120 
695 0.047348 
700 0.047188 
705 0.085280 
710 0.073097 
715 0.096026 
720 0.038601 
725 0.068519 
730 0.037359 
735 0.080401 
740 0.058482 
745 0.105795 
750 0.078655 
755 0.134474 
760 0.129089 
765 0.030261 
770 0.047486 
775 0.033837 
780 0.074340 
785 0.029110 
790 0.031743 
795 0.030248 
800 0.042394 
805 0.047425 
810 0.034477 
815 0.027121 
820 0.041122 
825 0.036004 
830 0.029193 
835 0.045576 
840 0.030073 
845 0.024263 
850 0.033227 
855 0.045475 
860 0.020592 
865 0.037903 
870 0.037711 
875 0.051599 
880 0.027531 
885 0.054097 
890 0.030708 
895 0.014558 
900 0.025730 
905 0.034741 
910 0.048104 
915 0.044177 
920 0.030857 
925 0.054932 
930 0.018596 
935 0.041519 
940 0.034462 
945 0.019415 
950 0.021731 
955 0.019493 
960 0.028297 
965 0.010277 
970 0.037515 
975 0.021176 
980 0.028692 
985 0.037450 
990 0.027465 
995 0.020322 
1000 0.042479 
1005 0.046741 
1010 0.032130 
1015 0.036784 
1020 0.027147 
1025 0.016652 
1030 0.062841 
1035 0.041003 
1040 0.040479 
1045 0.035689 
1050 0.031979 
1055 0.024668 
1060 0.025495 
1065 0.017494 
1070 0.021100 
1075 0.015558 
1080 0.021930 
1085 0.021092 
1090 0.021332 
1095 0.024177 
1100 0.016279 
1105 0.025807 
1110 0.011791 
1115 0.012740 
1120 0.016369 
1125 0.007760 
1130 0.011126 
1135 0.010759 
1140 0.017566 
1145 0.010657 
1150 0.009591 
1155 0.007404 
1160 0.007107 
1165 0.015725 
1170 0.013280 
1175 0.032644 
1180 0.012379 
1185 0.027385 
1190 0.029090 
1195 0.032161 
1200 0.017866 
1205 0.010822 
1210 0.015293 
1215 0.009396 
1220 0.023721 
1225 0.021624 
1230 0.011729 
1235 0.030491 
1240 0.021116 
1245 0.016227 
1250 0.013084 
1255 0.009615 
1260 0.011350 
1265 0.014363 
1270 0.027863 
1275 0.010548 
1280 0.007527 
1285 0.021971 
1290 0.016314 
1295 0.017290 
1300 0.016999 
1305 0.016011 
1310 0.024424 
1315 0.013559 
1320 0.016205 
1325 0.020870 
1330 0.011768 
1335 0.015803 
1340 0.013020 
1345 0.012025 
1350 0.017727 
1355 0.016166 
1360 0.016545 
1365 0.015788 
1370 0.010883 
1375 0.007160 
1380 0.012456 
1385 0.007769 
1390 0.012320 
1395 0.011607 
1400 0.015903 
1405 0.010948 
1410 0.007578 
1415 0.018383 
1420 0.014355 
1425 0.033790 
1430 0.022344 
1435 0.017907 
1440 0.023500 
1445 0.028784 
1450 0.011519 
1455 0.019165 
1460 0.028972 
1465 0.020771 
1470 0.016045 
1475 0.020965 
1480 0.017210 
1485 0.030475 
1490 0.007869 
1495 0.016724 
1500 0.026560 
1505 0.049051 
1510 0.031141 
1515 0.016505 
1520 0.034009 
1525 0.014669 
1530 0.014418 
1535 0.020470 
1540 0.015864 
1545 0.033821 
1550 0.029548 
1555 0.020563 
1560 0.024423 
1565 0.021695 
1570 0.022681 
1575 0.015628 
1580 0.017598 
1585 0.008860 
1590 0.008066 
1595 0.005643 
1600 0.022042 
1605 0.006311 
1610 0.034419 
1615 0.006571 
1620 0.020467 
1625 0.011949 
1630 0.009283 
1635 0.012053 
1640 0.022660 
1645 0.018240 
1650 0.021788 
1655 0.018055 
1660 0.016481 
1665 0.014592 
1670 0.008880 
1675 0.031046 
1680 0.007903 
1685 0.014696 
1690 0.006285 
1695 0.003892 
1700 0.015563 
1705 0.019372 
1710 0.013382 
1715 0.010457 
1720 0.007680 
1725 0.014160 
1730 0.006249 
1735 0.017206 
1740 0.015346 
1745 0.017776 
1750 0.012862 
1755 0.010934 
1760 0.028124 
1765 0.021212 
1770 0.020219 
1775 0.022441 
1780 0.006923 
1785 0.013143 
1790 0.020791 
1795 0.006924 
1800 0.021256 
1805 0.019930 
1810 0.014127 
1815 0.008545 
1820 0.020441 
1825 0.018450 
1830 0.011636 
1835 0.015059 
1840 0.004725 
1845 0.009880 
1850 0.013610 
1855 0.009407 
1860 0.008578 
1865 0.009687 
1870 0.006552 
1875 0.012651 
1880 0.011999 
1885 0.014555 
1890 0.012356 
1895 0.009060 
1900 0.014170 
1905 0.012774 
1910 0.012621 
1915 0.021389 
1920 0.009229 
1925 0.014768 
1930 0.007558 
1935 0.017553 
1940 0.019559 
1945 0.015153 
1950 0.015317 
1955 0.013384 
1960 0.007441 
1965 0.014096 
1970 0.011494 
1975 0.005337 
1980 0.017666 
1985 0.008115 
1990 0.013319 
1995 0.010182 
