50 23.433125 
55 8.002916 
60 2.374220 
65 2.347241 
70 3.027860 
75 2.894879 
80 2.030915 
85 0.956305 
90 0.886331 
95 3.583176 
100 1.251965 
105 0.876643 
110 0.698331 
115 0.541563 
120 0.219664 
125 0.555910 
130 0.659886 
135 1.106438 
140 2.130938 
145 1.416928 
150 1.637320 
155 0.443350 
160 0.586627 
165 0.494972 
170 0.479016 
175 0.369247 
180 0.394329 
185 0.803088 
190 0.695079 
195 0.985779 
200 0.727094 
205 0.348731 
210 0.548621 
215 0.413247 
220 0.218240 
225 0.227737 
230 0.414169 
235 0.281323 
240 0.331934 
245 0.607726 
250 0.111704 
255 0.109596 
260 0.223779 
265 0.209501 
270 0.184619 
275 0.241082 
280 0.330394 
285 0.255012 
290 0.227937 
295 0.500748 
300 0.279201 
305 0.175706 
310 0.127899 
315 0.103886 
320 0.062817 
325 0.174097 
330 0.420055 
335 0.241696 
340 0.125205 
345 0.296291 
350 0.185361 
355 0.201388 
360 0.146681 
365 0.147120 
370 0.064088 
375 0.159682 
380 0.116496 
385 0.209928 
390 0.058954 
395 0.127541 
400 0.100980 
405 0.044875 
410 0.085004 
415 0.056921 
420 0.109926 
425 0.059610 
430 0.103223 
435 0.049917 
440 0.099064 
445 0.111867 
450 0.094213 
455 0.095720 
460 0.108082 
465 0.091902 
470 0.075351 
475 0.063094 
480 0.097793 
485 0.092673 
490 0.058150 
495 0.090871 
500 0.052743 
505 0.030039 
510 0.087769 
515 0.071756 
520 0.082800 
525 0.044342 
530 0.023903 
535 0.072411 
540 0.023731 
545 0.075238 
550 0.075197 
555 0.038706 
560 0.048428 
565 0.049875 
570 0.037813 
575 0.057619 
580 0.038540 
585 0.071988 
590 0.039791 
595 0.031377 
600 0.053618 
605 0.046656 
610 0.055852 
615 0.058754 
620 0.057950 
625 0.029313 
630 0.031834 
635 0.024528 
640 0.029958 
645 0.034981 
650 0.049637 
655 0.008976 
660 0.016764 
665 0.061999 
670 0.030653 
675 0.049418 
680 0.016589 
685 0.020465 
690 0.026269 
695 0.012143 
700 0.037149 
705 0.048624 
710 0.034306 
715 0.041688 
720 0.036969 
725 0.026201 
730 0.019648 
735 0.042068 
740 0.045237 
745 0.039506 
750 0.055259 
755 0.028501 
760 0.019740 
765 0.011403 
770 0.038178 
775 0.039673 
780 0.055011 
785 0.014352 
790 0.017206 
795 0.026770 
800 0.035461 
805 0.038958 
810 0.028594 
815 0.037523 
820 0.021802 
825 0.028111 
830 0.027476 
835 0.022293 
840 0.035173 
845 0.026249 
850 0.029723 
855 0.033996 
860 0.026155 
865 0.033587 
870 0.020479 
875 0.032165 
880 0.029725 
885 0.030282 
890 0.041313 
895 0.028755 
900 0.050154 
905 0.034706 
910 0.025633 
915 0.044457 
920 0.020000 
925 0.020830 
930 0.027362 
935 0.034772 
940 0.010898 
945 0.016178 
950 0.009968 
955 0.018468 
960 0.012495 
965 0.022110 
970 0.030657 
975 0.013527 
980 0.040007 
985 0.040699 
990 0.047789 
995 0.051112 
1000 0.034873 
1005 0.006771 
1010 0.013679 
1015 0.016223 
1020 0.023212 
1025 0.023430 
1030 0.028994 
1035 0.034366 
1040 0.015719 
1045 0.021988 
1050 0.013401 
1055 0.020671 
1060 0.008914 
1065 0.013101 
1070 0.009579 
1075 0.010324 
1080 0.016929 
1085 0.005077 
1090 0.010871 
1095 0.016360 
1100 0.022899 
1105 0.011299 
1110 0.024507 
1115 0.017416 
1120 0.010025 
1125 0.015467 
1130 0.011093 
1135 0.018370 
1140 0.013669 
1145 0.023690 
1150 0.013096 
1155 0.002931 
1160 0.006469 
1165 0.009082 
1170 0.011496 
1175 0.012820 
1180 0.010903 
1185 0.009529 
1190 0.011320 
1195 0.010972 
1200 0.010889 
1205 0.013229 
1210 0.020967 
1215 0.015559 
1220 0.014465 
1225 0.016076 
1230 0.017043 
1235 0.011619 
1240 0.011221 
1245 0.016018 
1250 0.011423 
1255 0.004678 
1260 0.015179 
1265 0.011635 
1270 0.012810 
1275 0.014317 
1280 0.019530 
1285 0.013031 
1290 0.008867 
1295 0.007903 
1300 0.016910 
1305 0.008497 
1310 0.012076 
1315 0.014454 
1320 0.020807 
1325 0.008946 
1330 0.014149 
1335 0.009884 
1340 0.004820 
1345 0.014854 
1350 0.013034 
1355 0.008901 
1360 0.011590 
1365 0.004997 
1370 0.005619 
1375 0.014057 
1380 0.008117 
1385 0.009489 
1390 0.008644 
1395 0.006893 
1400 0.009401 
1405 0.013704 
1410 0.018447 
1415 0.005970 
1420 0.009364 
1425 0.009000 
1430 0.011497 
1435 0.006888 
1440 0.006669 
1445 0.008427 
1450 0.006624 
1455 0.011394 
1460 0.012025 
1465 0.011488 
1470 0.011819 
1475 0.011123 
1480 0.007347 
1485 0.012845 
1490 0.010972 
1495 0.011183 
1500 0.014381 
1505 0.015257 
1510 0.008452 
1515 0.011222 
1520 0.011409 
1525 0.008601 
1530 0.010940 
1535 0.008029 
1540 0.009052 
1545 0.005909 
1550 0.005628 
1555 0.010352 
1560 0.012081 
1565 0.006510 
1570 0.009598 
1575 0.009998 
1580 0.008348 
1585 0.006316 
1590 0.007276 
1595 0.015467 
1600 0.013631 
1605 0.012351 
1610 0.007631 
1615 0.004249 
1620 0.013596 
1625 0.009313 
1630 0.006481 
1635 0.009304 
1640 0.008050 
1645 0.005705 
1650 0.008871 
1655 0.007524 
1660 0.005548 
1665 0.010219 
1670 0.005579 
1675 0.006163 
1680 0.005054 
1685 0.005896 
1690 0.005129 
1695 0.007908 
1700 0.007555 
1705 0.005285 
1710 0.001655 
1715 0.003820 
1720 0.014710 
1725 0.009479 
1730 0.005540 
1735 0.008407 
1740 0.007913 
1745 0.005177 
1750 0.005447 
1755 0.005098 
1760 0.008739 
1765 0.004560 
1770 0.006330 
1775 0.009802 
1780 0.004933 
1785 0.011920 
1790 0.006342 
1795 0.010161 
1800 0.005700 
1805 0.008085 
1810 0.006827 
1815 0.005208 
1820 0.005950 
1825 0.008356 
1830 0.005417 
1835 0.004292 
1840 0.008371 
1845 0.008002 
1850 0.009886 
1855 0.005761 
1860 0.009873 
1865 0.006446 
1870 0.014307 
1875 0.006312 
1880 0.007067 
1885 0.005159 
1890 0.007660 
1895 0.003437 
1900 0.007795 
1905 0.005446 
1910 0.004868 
1915 0.005242 
1920 0.007810 
1925 0.005760 
1930 0.004047 
1935 0.003792 
1940 0.005257 
1945 0.004646 
1950 0.011029 
1955 0.003659 
1960 0.004974 
1965 0.011402 
1970 0.008474 
1975 0.004464 
1980 0.008689 
1985 0.007450 
1990 0.005750 
1995 0.005434 
