50 2.519746 
55 2.248624 
60 1.346610 
65 1.263967 
70 0.758833 
75 1.114346 
80 1.463297 
85 1.261717 
90 1.000903 
95 0.631997 
100 0.872754 
105 0.944197 
110 0.854378 
115 0.744685 
120 0.810215 
125 0.468588 
130 0.740950 
135 0.658380 
140 0.640540 
145 0.941634 
150 0.544795 
155 0.587378 
160 0.526771 
165 0.573187 
170 0.688148 
175 0.589614 
180 0.599947 
185 0.337726 
190 0.428176 
195 0.565131 
200 0.481313 
205 0.434486 
210 0.372850 
215 0.412351 
220 0.449803 
225 0.371969 
230 0.215447 
235 0.302415 
240 0.383049 
245 0.281365 
250 0.268377 
255 0.321672 
260 0.398445 
265 0.376265 
270 0.306264 
275 0.291160 
280 0.330319 
285 0.200177 
290 0.326736 
295 0.323300 
300 0.261474 
305 0.251444 
310 0.195885 
315 0.210091 
320 0.362104 
325 0.243481 
330 0.279582 
335 0.260303 
340 0.235043 
345 0.280872 
350 0.270949 
355 0.262181 
360 0.205154 
365 0.258514 
370 0.281734 
375 0.237773 
380 0.261551 
385 0.192914 
390 0.285451 
395 0.226959 
400 0.223499 
405 0.222799 
410 0.191918 
415 0.216060 
420 0.212176 
425 0.254135 
430 0.275252 
435 0.234598 
440 0.239398 
445 0.176479 
450 0.162967 
455 0.134892 
460 0.180336 
465 0.142760 
470 0.188893 
475 0.176967 
480 0.179668 
485 0.203747 
490 0.179132 
495 0.156902 
500 0.202417 
505 0.151484 
510 0.240956 
515 0.144593 
520 0.215791 
525 0.211437 
530 0.254688 
535 0.229529 
540 0.202490 
545 0.231249 
550 0.194108 
555 0.177190 
560 0.182102 
565 0.135774 
570 0.149147 
575 0.179685 
580 0.150944 
585 0.179566 
590 0.146899 
595 0.157878 
600 0.165618 
605 0.137900 
610 0.110044 
615 0.154994 
620 0.113013 
625 0.105247 
630 0.091369 
635 0.126708 
640 0.170686 
645 0.131276 
650 0.120633 
655 0.177157 
660 0.110508 
665 0.160608 
670 0.142607 
675 0.134941 
680 0.135000 
685 0.138580 
690 0.111668 
695 0.110675 
700 0.117232 
705 0.094638 
710 0.109027 
715 0.110240 
720 0.102813 
725 0.141129 
730 0.120620 
735 0.128025 
740 0.100013 
745 0.105476 
750 0.098347 
755 0.112915 
760 0.126744 
765 0.104767 
770 0.123478 
775 0.089842 
780 0.121757 
785 0.110394 
790 0.113315 
795 0.113143 
800 0.096768 
805 0.111424 
810 0.114322 
815 0.145141 
820 0.119272 
825 0.108131 
830 0.092448 
835 0.094968 
840 0.120023 
845 0.118043 
850 0.125796 
855 0.096265 
860 0.101478 
865 0.121792 
870 0.118609 
875 0.115753 
880 0.104693 
885 0.129580 
890 0.107588 
895 0.130336 
900 0.130365 
905 0.101581 
910 0.140976 
915 0.109772 
920 0.117035 
925 0.120471 
930 0.097544 
935 0.080872 
940 0.113624 
945 0.131842 
950 0.116846 
955 0.130932 
960 0.143735 
965 0.117109 
970 0.136330 
975 0.141016 
980 0.118184 
985 0.108271 
990 0.115429 
995 0.123817 
1000 0.153261 
1005 0.141066 
1010 0.148148 
1015 0.154710 
1020 0.125198 
1025 0.125849 
1030 0.134136 
1035 0.128035 
1040 0.130212 
1045 0.126176 
1050 0.124405 
1055 0.108560 
1060 0.100498 
1065 0.110463 
1070 0.102862 
1075 0.116853 
1080 0.108762 
1085 0.103976 
1090 0.110143 
1095 0.112800 
1100 0.088158 
1105 0.086632 
1110 0.093599 
1115 0.076691 
1120 0.093279 
1125 0.088696 
1130 0.082577 
1135 0.085340 
1140 0.094687 
1145 0.068683 
1150 0.071759 
1155 0.079966 
1160 0.081468 
1165 0.080687 
1170 0.080500 
1175 0.085423 
1180 0.087710 
1185 0.092828 
1190 0.077341 
1195 0.075623 
1200 0.079173 
1205 0.087586 
1210 0.081792 
1215 0.084979 
1220 0.072114 
1225 0.076717 
1230 0.069978 
1235 0.091680 
1240 0.061988 
1245 0.079898 
1250 0.084277 
1255 0.104214 
1260 0.060826 
1265 0.083779 
1270 0.086348 
1275 0.069012 
1280 0.073919 
1285 0.079960 
1290 0.080058 
1295 0.094501 
1300 0.076742 
1305 0.062999 
1310 0.082863 
1315 0.089951 
1320 0.069203 
1325 0.096940 
1330 0.093285 
1335 0.095786 
1340 0.076445 
1345 0.105547 
1350 0.088848 
1355 0.102110 
1360 0.073729 
1365 0.070607 
1370 0.076790 
1375 0.108437 
1380 0.076858 
1385 0.120287 
1390 0.075810 
1395 0.100038 
1400 0.077648 
1405 0.075071 
1410 0.068209 
1415 0.064584 
1420 0.077400 
1425 0.085236 
1430 0.097234 
1435 0.084236 
1440 0.073463 
1445 0.088222 
1450 0.067269 
1455 0.069738 
1460 0.097361 
1465 0.087048 
1470 0.082159 
1475 0.069361 
1480 0.077706 
1485 0.069315 
1490 0.086014 
1495 0.052597 
1500 0.064039 
1505 0.078794 
1510 0.080493 
1515 0.059950 
1520 0.059465 
1525 0.070125 
1530 0.069200 
1535 0.097435 
1540 0.079399 
1545 0.084054 
1550 0.100129 
1555 0.081933 
1560 0.083133 
1565 0.058628 
1570 0.073722 
1575 0.078572 
1580 0.079533 
1585 0.063014 
1590 0.072686 
1595 0.077715 
1600 0.074646 
1605 0.073586 
1610 0.089778 
1615 0.082944 
1620 0.077611 
1625 0.083689 
1630 0.087076 
1635 0.071367 
1640 0.057853 
1645 0.059156 
1650 0.080736 
1655 0.078099 
1660 0.100304 
1665 0.066119 
1670 0.049495 
1675 0.062976 
1680 0.079065 
1685 0.068099 
1690 0.087142 
1695 0.081785 
1700 0.056772 
1705 0.057366 
1710 0.071181 
1715 0.077561 
1720 0.101682 
1725 0.081350 
1730 0.115250 
1735 0.080294 
1740 0.079320 
1745 0.085693 
1750 0.082039 
1755 0.121235 
1760 0.105412 
1765 0.078672 
1770 0.077839 
1775 0.079484 
1780 0.109216 
1785 0.081255 
1790 0.090471 
1795 0.062340 
1800 0.091434 
1805 0.091627 
1810 0.077611 
1815 0.082349 
1820 0.062475 
1825 0.087971 
1830 0.080274 
1835 0.091859 
1840 0.085408 
1845 0.081175 
1850 0.076347 
1855 0.060237 
1860 0.079193 
1865 0.069430 
1870 0.059771 
1875 0.054991 
1880 0.095261 
1885 0.076773 
1890 0.062491 
1895 0.051137 
1900 0.065816 
1905 0.055148 
1910 0.053591 
1915 0.073035 
1920 0.074670 
1925 0.071173 
1930 0.067152 
1935 0.082220 
1940 0.088283 
1945 0.069166 
1950 0.059813 
1955 0.058524 
1960 0.075263 
1965 0.059975 
1970 0.074419 
1975 0.077229 
1980 0.080846 
1985 0.078511 
1990 0.073688 
1995 0.078409 
2000 0.069582 
2005 0.086480 
2010 0.066483 
2015 0.093594 
2020 0.081354 
2025 0.079953 
2030 0.073677 
2035 0.083596 
2040 0.081899 
2045 0.073468 
2050 0.059966 
2055 0.063428 
2060 0.072193 
2065 0.054078 
2070 0.060837 
2075 0.064067 
2080 0.070681 
2085 0.057828 
2090 0.059149 
2095 0.049519 
2100 0.049444 
2105 0.075704 
2110 0.053532 
2115 0.071577 
2120 0.069192 
2125 0.073695 
2130 0.076246 
2135 0.065184 
2140 0.064367 
2145 0.060851 
2150 0.052556 
2155 0.062205 
2160 0.061077 
2165 0.082105 
2170 0.061235 
2175 0.063150 
2180 0.065221 
2185 0.077160 
2190 0.066461 
2195 0.068507 
2200 0.064557 
2205 0.045349 
2210 0.056955 
2215 0.059331 
2220 0.056282 
2225 0.064671 
2230 0.047885 
2235 0.069388 
2240 0.067063 
2245 0.063183 
2250 0.086120 
2255 0.074748 
2260 0.075660 
2265 0.054415 
2270 0.067011 
2275 0.057457 
2280 0.060112 
2285 0.070497 
2290 0.061882 
2295 0.072629 
2300 0.062708 
2305 0.056726 
2310 0.061088 
2315 0.082018 
2320 0.070649 
2325 0.071762 
2330 0.077582 
2335 0.064195 
2340 0.067105 
2345 0.056837 
2350 0.063003 
2355 0.085403 
2360 0.072927 
2365 0.071167 
2370 0.060182 
2375 0.067894 
2380 0.058747 
2385 0.091618 
2390 0.083424 
2395 0.072407 
2400 0.092929 
2405 0.078490 
2410 0.092670 
2415 0.056502 
2420 0.077208 
2425 0.078751 
2430 0.057911 
2435 0.077855 
2440 0.066331 
2445 0.085736 
2450 0.065095 
2455 0.095412 
2460 0.091226 
2465 0.105525 
2470 0.088844 
2475 0.087160 
2480 0.085105 
2485 0.064649 
2490 0.081403 
2495 0.083865 
2500 0.087516 
2505 0.067642 
2510 0.089967 
2515 0.070210 
2520 0.078882 
2525 0.067355 
2530 0.085338 
2535 0.065038 
2540 0.058836 
2545 0.061260 
2550 0.083647 
2555 0.099742 
2560 0.096136 
2565 0.079343 
2570 0.084759 
2575 0.072885 
2580 0.087420 
2585 0.064596 
2590 0.068541 
2595 0.060517 
2600 0.058606 
2605 0.075507 
2610 0.076486 
2615 0.080673 
2620 0.084657 
2625 0.069409 
2630 0.102828 
2635 0.074366 
2640 0.097772 
2645 0.103329 
2650 0.086474 
2655 0.070997 
2660 0.088574 
2665 0.078623 
2670 0.098442 
2675 0.083088 
2680 0.093975 
2685 0.116067 
2690 0.092714 
2695 0.072037 
2700 0.075705 
2705 0.058519 
2710 0.080276 
2715 0.076858 
2720 0.075233 
2725 0.084921 
2730 0.080918 
2735 0.087595 
2740 0.069925 
2745 0.072774 
2750 0.074463 
2755 0.071216 
2760 0.061909 
2765 0.059969 
2770 0.054548 
2775 0.064645 
2780 0.082759 
2785 0.074394 
2790 0.062556 
2795 0.084660 
2800 0.069159 
2805 0.080678 
2810 0.067809 
2815 0.069373 
2820 0.060155 
2825 0.061844 
2830 0.081051 
2835 0.057004 
2840 0.059441 
2845 0.066044 
2850 0.060049 
2855 0.061808 
2860 0.058862 
2865 0.060233 
2870 0.065435 
2875 0.066756 
2880 0.074295 
2885 0.059285 
2890 0.061555 
2895 0.063618 
2900 0.059668 
2905 0.061599 
2910 0.073240 
2915 0.071229 
2920 0.073601 
2925 0.049758 
2930 0.064420 
2935 0.064724 
2940 0.076942 
2945 0.075041 
2950 0.077634 
2955 0.053684 
2960 0.069513 
2965 0.065430 
2970 0.074982 
2975 0.065944 
2980 0.064996 
2985 0.064618 
2990 0.068230 
2995 0.059559 
3000 0.061904 
3005 0.065546 
3010 0.055604 
3015 0.071278 
3020 0.054977 
3025 0.070213 
3030 0.080273 
3035 0.051715 
3040 0.072523 
3045 0.076682 
3050 0.057284 
3055 0.051693 
3060 0.056198 
3065 0.053888 
3070 0.070879 
3075 0.068419 
3080 0.081762 
3085 0.065796 
3090 0.058093 
3095 0.075482 
3100 0.070988 
3105 0.085073 
3110 0.072756 
3115 0.058518 
3120 0.082452 
3125 0.076527 
3130 0.047610 
3135 0.075704 
3140 0.073900 
3145 0.085340 
3150 0.062501 
3155 0.084656 
3160 0.066519 
3165 0.077643 
3170 0.060177 
3175 0.046302 
3180 0.069408 
3185 0.073817 
3190 0.056869 
3195 0.059138 
3200 0.061307 
3205 0.046032 
3210 0.054753 
3215 0.058627 
3220 0.063277 
3225 0.058365 
3230 0.079464 
3235 0.057632 
3240 0.070135 
3245 0.060073 
3250 0.071556 
3255 0.065005 
3260 0.056730 
3265 0.067463 
3270 0.059434 
3275 0.045505 
3280 0.077755 
3285 0.070629 
3290 0.065678 
3295 0.069633 
3300 0.080326 
3305 0.077391 
3310 0.049766 
3315 0.047897 
3320 0.064750 
3325 0.063529 
3330 0.073827 
3335 0.046211 
3340 0.058265 
3345 0.059368 
3350 0.058603 
3355 0.059398 
3360 0.054715 
3365 0.079481 
3370 0.066039 
3375 0.084422 
3380 0.049565 
3385 0.066834 
3390 0.055961 
3395 0.065141 
3400 0.056112 
3405 0.056809 
3410 0.077737 
3415 0.059429 
3420 0.072169 
3425 0.054411 
3430 0.072942 
3435 0.054801 
3440 0.055324 
3445 0.071354 
3450 0.076343 
3455 0.062876 
3460 0.085408 
3465 0.071201 
3470 0.048363 
3475 0.065277 
3480 0.070118 
3485 0.079781 
3490 0.058062 
3495 0.074890 
3500 0.067374 
3505 0.085669 
3510 0.076298 
3515 0.086876 
3520 0.063705 
3525 0.060736 
3530 0.089055 
3535 0.089602 
3540 0.077392 
3545 0.058613 
3550 0.067505 
3555 0.066716 
3560 0.057711 
3565 0.062244 
3570 0.053635 
3575 0.061062 
3580 0.078888 
3585 0.065661 
3590 0.076681 
3595 0.088729 
3600 0.081260 
3605 0.077266 
3610 0.078253 
3615 0.077139 
3620 0.089388 
3625 0.077964 
3630 0.063988 
3635 0.071278 
3640 0.050238 
3645 0.067560 
3650 0.085927 
3655 0.068396 
3660 0.061574 
3665 0.059093 
3670 0.056692 
3675 0.048610 
3680 0.069017 
3685 0.070587 
3690 0.056270 
3695 0.061251 
3700 0.068629 
3705 0.093750 
3710 0.072634 
3715 0.082842 
3720 0.066365 
3725 0.061475 
3730 0.051171 
3735 0.049085 
3740 0.051851 
3745 0.077044 
3750 0.057187 
3755 0.065774 
3760 0.055412 
3765 0.067581 
3770 0.057293 
3775 0.055306 
3780 0.068288 
3785 0.060144 
3790 0.051475 
3795 0.071085 
3800 0.052309 
3805 0.053022 
3810 0.053263 
3815 0.047749 
3820 0.068738 
3825 0.068447 
3830 0.040996 
3835 0.068776 
3840 0.089873 
3845 0.068516 
3850 0.066402 
3855 0.064940 
3860 0.057383 
3865 0.050369 
3870 0.059135 
3875 0.061762 
3880 0.052797 
3885 0.072428 
3890 0.050563 
3895 0.057712 
3900 0.067484 
3905 0.049080 
3910 0.068790 
3915 0.055173 
3920 0.073733 
3925 0.068071 
3930 0.075866 
3935 0.064607 
3940 0.071429 
3945 0.056002 
3950 0.057367 
3955 0.055731 
3960 0.062360 
3965 0.058514 
3970 0.067102 
3975 0.069628 
3980 0.055740 
3985 0.056464 
3990 0.074710 
3995 0.055948 
